     0/299     7.24G   0.04245   0.01879     0.105    0.1662        30       640  0.004758  0.001985  0.007639  0.005223   0.01874  0.006659   0.06157
     1/299     21.2G   0.03081   0.01511   0.09876    0.1447        42       640  0.005743  0.004093   0.01157   0.00675   0.01941  0.006898   0.05822
     2/299     21.2G    0.0321   0.01533   0.09696    0.1444        32       640   0.02134  0.008523   0.02251   0.01499   0.01755  0.007109   0.05565
     3/299     21.2G   0.03166    0.0156   0.09304    0.1403        44       640   0.02713  0.007316   0.03169   0.02089   0.01816  0.007059   0.05278
     4/299     21.2G   0.02926   0.01547   0.09004    0.1348        33       640   0.03317   0.01086   0.04264   0.02834   0.01632  0.006432   0.05149
     5/299     21.2G   0.03014   0.01527    0.0891    0.1345        32       640   0.05773   0.02156   0.06538    0.0417    0.0166  0.006413   0.04831
     6/299     21.2G   0.02806   0.01508   0.08491    0.1281        38       640   0.08744   0.03378   0.08557   0.05802    0.0157  0.006414   0.04655
     7/299     21.2G   0.02893   0.01503   0.08338    0.1273        32       640     0.132   0.05035     0.103   0.06607   0.01714  0.006137    0.0454
     8/299     21.2G   0.02899   0.01504    0.0815    0.1255        32       640    0.1296   0.04228   0.08531   0.05561   0.01819  0.006341   0.04889
     9/299     21.2G   0.02893   0.01496   0.07922    0.1231        33       640    0.1665     0.078    0.1269   0.08484   0.01615  0.006287   0.04336
    10/299     21.2G   0.02889   0.01476   0.07866    0.1223        33       640    0.2178    0.1158    0.1666    0.1129   0.01562  0.006379   0.04058
    11/299     21.2G   0.02868   0.01467   0.07686    0.1202        35       640    0.2205    0.1306    0.1941    0.1307   0.01516  0.006101   0.03849
    12/299     21.2G    0.0282   0.01465   0.07583    0.1187        34       640    0.2527    0.1491     0.201    0.1364   0.01523  0.006019   0.03831
    13/299     21.2G   0.02887   0.01465   0.07466    0.1182        36       640    0.1983    0.1501    0.1805    0.1217   0.01517  0.006378   0.03962
    14/299     21.2G   0.02779   0.01451    0.0719    0.1142        34       640    0.2389    0.1973    0.2238    0.1519   0.01531  0.006086    0.0365
    15/299     21.2G   0.02832   0.01455   0.07196    0.1148        31       640    0.2727    0.2144    0.2331    0.1587   0.01493  0.006013    0.0357
    16/299     21.2G   0.02788   0.01453   0.06986    0.1123        41       640    0.2535    0.2416    0.2579    0.1779   0.01456  0.005931   0.03458
    17/299     21.2G   0.02889   0.01476    0.0719    0.1155        36       640    0.2769    0.2695    0.2737    0.1863   0.01476  0.005939   0.03368
    18/299     21.2G   0.02865   0.01455   0.06968    0.1129        32       640    0.2746    0.2508    0.2645    0.1808   0.01525  0.005985   0.03324
    19/299     21.2G   0.02894   0.01454    0.0696    0.1131        38       640    0.3283    0.3308    0.3241    0.2234    0.0142  0.005747   0.03079
    20/299     21.2G   0.02857   0.01454   0.06831    0.1114        32       640    0.2934    0.3215    0.3209    0.2177   0.01467  0.005926   0.03048
    21/299     21.2G   0.02854    0.0146   0.06912    0.1123        34       640    0.3095    0.3577    0.3336    0.2264   0.01453   0.00586   0.03058
    22/299     21.2G    0.0286   0.01459   0.06804    0.1112        37       640    0.3046    0.3765    0.3501    0.2405    0.0144  0.005786   0.02964
    23/299     21.2G   0.02827   0.01438   0.06774    0.1104        35       640    0.3121    0.3818    0.3502    0.2429   0.01392  0.005772   0.02982
    24/299     21.2G   0.02833   0.01463   0.06724    0.1102        40       640    0.3166    0.3862    0.3554    0.2458   0.01422  0.005889   0.02988
    25/299     21.2G   0.02922   0.01449   0.06684    0.1106        35       640    0.3202    0.4123    0.3775    0.2615   0.01434  0.005787   0.02861
    26/299     21.2G   0.02719   0.01432   0.06468    0.1062        26       640    0.3394    0.4362     0.394     0.273   0.01427  0.005737   0.02779
    27/299     21.2G   0.02761   0.01434   0.06362    0.1056        41       640    0.3402      0.44    0.4023    0.2785   0.01416  0.005745   0.02734
    28/299     21.2G   0.02733   0.01445     0.065    0.1068        37       640    0.3357    0.4542    0.4015    0.2794   0.01374   0.00572   0.02729
    29/299     21.2G   0.02891   0.01454   0.06639    0.1098        34       640    0.3322    0.4687    0.4137    0.2886   0.01407  0.005706   0.02701
    30/299     21.2G   0.02794   0.01438   0.06419    0.1065        38       640    0.3345    0.4832    0.4184    0.2938   0.01414  0.005722   0.02698
    31/299     21.2G   0.02786   0.01428   0.06352    0.1057        30       640    0.3355    0.4808    0.4223    0.2964   0.01399  0.005692   0.02663
    32/299     21.2G   0.02827   0.01417    0.0626     0.105        30       640    0.3265    0.4823    0.4262    0.2965   0.01409  0.005682    0.0266
    33/299     21.2G   0.02781   0.01417   0.06254    0.1045        33       640    0.3336    0.5018     0.437    0.3054   0.01393  0.005642   0.02596
    34/299     21.2G   0.02791   0.01442   0.06516    0.1075        39       640    0.3389    0.4843    0.4265    0.2986   0.01419  0.005656   0.02674
    35/299     21.2G   0.02742   0.01426   0.06207    0.1037        36       640    0.3488    0.4918    0.4317    0.3011   0.01415  0.005653   0.02656
    36/299     21.2G   0.02804   0.01441   0.06379    0.1062        39       640    0.3404    0.4965    0.4286    0.2994   0.01409   0.00563   0.02623
    37/299     21.2G   0.02734   0.01418   0.06102    0.1025        41       640    0.3446    0.4953    0.4297    0.2999   0.01401  0.005603   0.02608
    38/299     21.2G   0.02727   0.01439   0.06147    0.1031        30       640    0.3371    0.4872    0.4325    0.3039   0.01396  0.005601   0.02615
    39/299     21.2G   0.02832   0.01422   0.06318    0.1057        36       640    0.3418    0.4971    0.4401    0.3104   0.01395  0.005598   0.02594
    40/299     21.2G   0.02745   0.01417   0.06189    0.1035        35       640    0.3459    0.5066    0.4423    0.3122   0.01394    0.0056   0.02588
    41/299     21.2G   0.02873    0.0143   0.06025    0.1033        32       640    0.3447     0.511    0.4444    0.3142   0.01399  0.005599   0.02574
    42/299     21.2G   0.02732   0.01416   0.06045    0.1019        38       640    0.3388    0.5137    0.4462    0.3149   0.01393    0.0056   0.02564
    43/299     21.2G   0.02708   0.01414    0.0592    0.1004        29       640     0.343    0.5188    0.4505    0.3183   0.01392  0.005592   0.02551
    44/299     21.2G   0.02865   0.01414   0.06091    0.1037        33       640    0.3492    0.5235    0.4532    0.3206   0.01388  0.005587   0.02541
    45/299     21.2G   0.02823   0.01418   0.06133    0.1037        37       640    0.3445    0.5209    0.4537    0.3207   0.01389   0.00558    0.0254
    46/299     21.2G   0.02803   0.01424    0.0599    0.1022        31       640    0.3454    0.5252    0.4542    0.3209   0.01387  0.005575   0.02531
    47/299     21.2G   0.02822   0.01416   0.06033    0.1027        35       640    0.3441    0.5293    0.4568    0.3229   0.01386  0.005572   0.02527
    48/299     21.2G   0.02725   0.01415   0.05798   0.09938        39       640    0.3425    0.5312    0.4573    0.3237   0.01384  0.005566   0.02523
    49/299     21.2G   0.02796    0.0141   0.06008    0.1021        35       640    0.3435     0.534    0.4586    0.3248   0.01383  0.005562   0.02519
    50/299     21.2G   0.02779   0.01419   0.05834    0.1003        36       640    0.3426    0.5337    0.4619    0.3261   0.01383  0.005559   0.02515
    51/299     21.2G   0.02792   0.01401   0.05814    0.1001        30       640    0.3471    0.5376    0.4656    0.3284   0.01386  0.005555    0.0251
    52/299     21.2G   0.02734   0.01399   0.05886    0.1002        36       640    0.3488    0.5403     0.467    0.3297   0.01386  0.005553   0.02505
    53/299     21.2G    0.0277   0.01407   0.05705   0.09881        35       640    0.3486     0.542    0.4697    0.3311   0.01388  0.005548   0.02498
    54/299     21.2G    0.0273   0.01408   0.05748   0.09886        35       640    0.3499    0.5441     0.471     0.333   0.01388  0.005543   0.02494
    55/299     21.2G   0.02783   0.01391   0.05668   0.09843        32       640     0.352    0.5488    0.4727    0.3339   0.01391  0.005538   0.02489
    56/299     21.2G   0.02783    0.0141   0.05693   0.09886        39       640    0.3528    0.5521    0.4759    0.3355    0.0139  0.005532   0.02482
    57/299     21.2G   0.02791   0.01412    0.0583    0.1003        32       640    0.3531    0.5512    0.4765    0.3365    0.0139  0.005528    0.0248
    58/299     21.2G    0.0275   0.01407   0.05703    0.0986        34       640    0.3532    0.5517    0.4774    0.3373   0.01389  0.005522   0.02478
    59/299     21.2G   0.02797   0.01427   0.05792    0.1002        35       640    0.3532    0.5536    0.4801    0.3389   0.01389  0.005519   0.02472
    60/299     21.2G   0.02761   0.01402   0.05662   0.09825        39       640    0.3541    0.5559    0.4822      0.34    0.0139  0.005514   0.02466
    61/299     21.2G   0.02788   0.01404    0.0579   0.09983        40       640     0.355    0.5576    0.4834    0.3407   0.01389   0.00551   0.02461
    62/299     21.2G   0.02817   0.01419   0.05849    0.1008        34       640    0.3552    0.5601    0.4832    0.3398   0.01387  0.005507   0.02459
    63/299     21.2G   0.02745   0.01397    0.0554   0.09682        31       640    0.3514      0.56    0.4826    0.3394   0.01386  0.005503   0.02453
    64/299     21.2G   0.02745   0.01407   0.05687   0.09838        28       640     0.351    0.5584    0.4829    0.3396   0.01386  0.005498   0.02451
    65/299     21.2G   0.02795   0.01406   0.05602   0.09803        30       640    0.3532    0.5595    0.4842    0.3408   0.01387  0.005495   0.02451
    66/299     21.2G   0.02738   0.01413   0.05504   0.09655        35       640     0.356    0.5615    0.4864    0.3434   0.01388   0.00549   0.02448
    67/299     21.2G   0.02757   0.01405   0.05523   0.09685        27       640    0.3586    0.5615    0.4872    0.3435    0.0139  0.005489   0.02452
    68/299     21.2G   0.02788    0.0143   0.05572    0.0979        31       640    0.3602    0.5598    0.4884     0.344   0.01391  0.005487   0.02453
    69/299     21.2G   0.02775   0.01399   0.05614   0.09789        36       640    0.3647    0.5625     0.491    0.3445   0.01395  0.005487   0.02452
    70/299     21.2G   0.02793   0.01413    0.0555   0.09755        35       640    0.3655    0.5616    0.4925    0.3462   0.01396  0.005486   0.02451
    71/299     21.2G   0.02769   0.01395   0.05551   0.09714        42       640    0.3645    0.5604    0.4944    0.3472   0.01398  0.005484   0.02444
    72/299     21.2G   0.02794   0.01406   0.05463   0.09662        35       640    0.3649    0.5619    0.4953    0.3482   0.01401  0.005483   0.02439
    73/299     21.2G   0.02746   0.01392   0.05478   0.09616        27       640    0.3641    0.5636    0.4967    0.3485   0.01402   0.00548   0.02433
    74/299     21.2G   0.02776   0.01427    0.0567   0.09874        32       640    0.3643    0.5609    0.4941     0.347   0.01403  0.005484   0.02441
    75/299     21.2G   0.02721   0.01408   0.05486   0.09615        38       640    0.3653    0.5596    0.4941    0.3476   0.01405  0.005483   0.02439
    76/299     21.2G   0.02835   0.01398   0.05503   0.09736        35       640    0.3723    0.5629    0.4957    0.3485   0.01406   0.00548   0.02433
    77/299     21.2G   0.02728   0.01393    0.0555   0.09671        37       640    0.3753    0.5651    0.4987    0.3504   0.01407  0.005479   0.02427
    78/299     21.2G   0.02744   0.01382   0.05292   0.09418        34       640    0.3785    0.5672    0.5003    0.3512   0.01407  0.005477   0.02422
    79/299     21.2G    0.0274     0.014   0.05317   0.09456        37       640    0.3757    0.5688    0.5018    0.3521   0.01408  0.005475   0.02415
    80/299     21.2G   0.02667   0.01402   0.05451   0.09521        43       640     0.377    0.5686    0.5039    0.3536   0.01408  0.005473   0.02409
    81/299     21.2G   0.02749   0.01396   0.05353   0.09498        48       640    0.3779     0.568    0.5042    0.3543   0.01408  0.005471   0.02406
    82/299     21.2G   0.02839   0.01409   0.05503   0.09751        32       640    0.3808    0.5699    0.5056     0.355   0.01408  0.005469   0.02401
    83/299     21.2G   0.02779   0.01391   0.05539   0.09709        30       640    0.3793     0.572    0.5077    0.3558   0.01409  0.005467   0.02396
    84/299     21.2G   0.02669   0.01387   0.05347   0.09403        32       640     0.381    0.5731    0.5086    0.3567   0.01408  0.005465   0.02391
    85/299     21.2G   0.02739   0.01383   0.05206   0.09328        28       640    0.3827    0.5758    0.5088     0.357   0.01407  0.005463   0.02384
    86/299     21.2G    0.0269   0.01381   0.05057   0.09129        32       640    0.3844    0.5794    0.5108    0.3582   0.01405  0.005459   0.02376
    87/299     21.2G   0.02746   0.01394   0.05315   0.09455        38       640    0.3842    0.5803    0.5118    0.3596   0.01404  0.005457   0.02371
    88/299     21.2G   0.02759     0.014   0.05183   0.09341        36       640    0.3861    0.5851    0.5138    0.3611   0.01405  0.005455   0.02367
    89/299     21.2G   0.02682    0.0139   0.05271   0.09343        32       640    0.3867     0.589    0.5153     0.362   0.01406  0.005452    0.0236
    90/299     21.2G   0.02707    0.0137   0.05194    0.0927        27       640    0.3867    0.5917     0.517    0.3629   0.01407  0.005451   0.02354
    91/299     21.2G   0.02753   0.01382   0.05143   0.09278        36       640    0.3847    0.5926    0.5187    0.3638   0.01407  0.005451   0.02352
    92/299     21.2G    0.0274   0.01391   0.05056   0.09187        36       640    0.3856     0.597    0.5219    0.3665   0.01406  0.005449   0.02348
    93/299     21.2G   0.02717   0.01392   0.05124   0.09234        42       640    0.3878     0.599    0.5236    0.3682   0.01405  0.005448   0.02342
    94/299     21.2G   0.02784   0.01417   0.05597   0.09799        33       640    0.3886    0.6028    0.5248    0.3685   0.01405   0.00545    0.0234
    95/299     21.2G   0.02791   0.01378   0.05306   0.09474        30       640    0.3876    0.6035    0.5258    0.3691   0.01405  0.005452   0.02336
    96/299     21.2G   0.02703   0.01375   0.04949   0.09027        35       640    0.3887    0.6068    0.5278    0.3702   0.01406  0.005452   0.02325
    97/299     21.2G   0.02754   0.01413   0.06266    0.1043        40       640    0.3881     0.605    0.5281    0.3701   0.01406  0.005451   0.02316
    98/299     21.2G   0.02724   0.01379    0.1043    0.1454        42       640    0.3885    0.6052    0.5289    0.3703   0.01405  0.005451   0.02308
    99/299     21.2G   0.02703    0.0138   0.05103   0.09186        39       640    0.3891    0.6067    0.5303    0.3717   0.01405  0.005451   0.02301
   100/299     21.2G   0.02708   0.01375   0.04973   0.09056        35       640    0.3883     0.605    0.5317    0.3727   0.01404  0.005449   0.02295
   101/299     21.2G   0.02772   0.01379   0.05155   0.09307        38       640    0.3886    0.6052    0.5324    0.3734   0.01405  0.005448    0.0229
   102/299     21.2G   0.02688   0.01384   0.05082   0.09153        30       640    0.3895    0.6066    0.5322    0.3728   0.01406  0.005448   0.02285
   103/299     21.2G   0.02732   0.01381   0.05034   0.09148        38       640    0.3931    0.6089    0.5331    0.3733   0.01407  0.005448    0.0228
   104/299     21.2G    0.0273   0.01395   0.05317   0.09442        35       640    0.3923    0.6099    0.5348    0.3748   0.01407  0.005446   0.02271
   105/299     21.2G   0.02737   0.01388   0.05161   0.09287        32       640    0.3927    0.6111    0.5358    0.3756   0.01407  0.005442   0.02264
   106/299     21.2G   0.02707   0.01388   0.05263   0.09358        33       640    0.3933    0.6123    0.5372    0.3762   0.01408  0.005441   0.02261
   107/299     21.2G   0.02665    0.0137   0.05056   0.09091        36       640    0.3931    0.6119    0.5386    0.3774    0.0141  0.005441   0.02256
   108/299     21.2G   0.02635   0.01379   0.05044   0.09057        35       640    0.3944    0.6139    0.5408    0.3785    0.0141  0.005441    0.0225
   109/299     21.2G   0.02673   0.01365   0.05072   0.09109        35       640    0.3956    0.6161    0.5435    0.3802   0.01408  0.005438   0.02243
   110/299     21.2G   0.02736   0.01376   0.04971   0.09083        43       640    0.3978    0.6214    0.5441    0.3813   0.01408  0.005436   0.02238
   111/299     21.2G   0.02675   0.01372    0.0501   0.09056        35       640    0.3973    0.6226    0.5459    0.3823   0.01408  0.005436   0.02232
   112/299     21.2G   0.02696   0.01378   0.05083   0.09157        34       640    0.3969    0.6227    0.5464    0.3825   0.01409  0.005436   0.02225
   113/299     21.2G    0.0264   0.01383   0.05009   0.09032        29       640    0.3976    0.6256    0.5474     0.383   0.01408  0.005434   0.02219
   114/299     21.2G   0.02694   0.01375   0.05092   0.09161        32       640    0.3969    0.6259    0.5493    0.3846   0.01408  0.005433   0.02216
   115/299     21.2G   0.02771   0.01383   0.05127   0.09281        40       640    0.3976    0.6283    0.5501    0.3849   0.01409  0.005432   0.02212
   116/299     21.2G   0.02716    0.0139   0.04949   0.09056        34       640    0.3978    0.6282    0.5518    0.3856   0.01409   0.00543   0.02206
   117/299     21.2G   0.02741   0.01376   0.05113   0.09229        34       640    0.3979    0.6292    0.5531    0.3866   0.01408  0.005429     0.022
   118/299     21.2G   0.02703   0.01397   0.05028   0.09128        39       640    0.3975    0.6315    0.5549    0.3881   0.01408  0.005427   0.02195
   119/299     21.2G   0.02649   0.01379   0.04939   0.08967        29       640    0.3957    0.6298    0.5565    0.3889   0.01409  0.005428   0.02194
   120/299     21.2G   0.02684    0.0137   0.04981   0.09035        38       640    0.3955    0.6319    0.5575    0.3905   0.01409  0.005426   0.02189
   121/299     21.2G   0.02683   0.01361   0.04922   0.08966        29       640    0.3962     0.634    0.5578    0.3902   0.01409  0.005422   0.02187
   122/299     21.2G   0.02695   0.01381   0.04827   0.08903        37       640     0.396    0.6347    0.5602    0.3916   0.01409  0.005421   0.02183
   123/299     21.2G   0.02707   0.01361   0.04959   0.09027        36       640    0.3963    0.6358     0.562    0.3928   0.01409   0.00542   0.02177
   124/299     21.2G    0.0271    0.0137   0.05247   0.09327        38       640    0.4019    0.6398    0.5638    0.3937   0.01408  0.005418   0.02172
   125/299     21.2G   0.02706    0.0136   0.04843    0.0891        36       640    0.4023    0.6409    0.5649    0.3945   0.01408  0.005417   0.02165
   126/299     21.2G   0.02744   0.01384   0.05006   0.09134        34       640    0.4025    0.6417    0.5659    0.3953   0.01409  0.005416    0.0216
   127/299     21.2G   0.02665   0.01353   0.04817   0.08836        35       640    0.4035    0.6447    0.5677    0.3967    0.0141  0.005415   0.02154
   128/299     21.2G   0.02707   0.01367   0.04888   0.08962        30       640    0.4037    0.6457    0.5689    0.3974    0.0141  0.005414   0.02144
   129/299     21.2G   0.02667   0.01368   0.04823   0.08859        39       640     0.405    0.6473    0.5696    0.3986   0.01411  0.005413   0.02137
   130/299     21.2G   0.02655   0.01368   0.04705   0.08727        40       640    0.4014    0.6487    0.5714    0.4004   0.01411  0.005409    0.0213
   131/299     21.2G   0.02767   0.01363   0.04784   0.08914        38       640     0.401      0.65    0.5722    0.4007   0.01411  0.005406   0.02122
   132/299     21.2G   0.02688    0.0137   0.04706   0.08764        39       640    0.4017    0.6516    0.5714    0.4004   0.01411  0.005404   0.02113
   133/299     21.2G   0.02683   0.01353   0.04646   0.08682        36       640    0.4018     0.655    0.5723    0.4014   0.01412  0.005403   0.02104
   134/299     21.2G    0.0268   0.01352   0.04757   0.08789        40       640    0.4012    0.6546    0.5733    0.4027   0.01412  0.005401   0.02096
   135/299     21.2G     0.027   0.01385   0.05036   0.09121        35       640     0.402    0.6575    0.5737    0.4027   0.01412  0.005398   0.02094
   136/299     21.2G   0.02697   0.01356    0.0477   0.08823        37       640    0.4021    0.6598    0.5746    0.4037   0.01411  0.005395    0.0209
   137/299     21.2G   0.02672   0.01368   0.04862   0.08901        38       640    0.4029    0.6612    0.5761    0.4041   0.01411  0.005395   0.02086
   138/299     21.2G   0.02535   0.01357   0.04714   0.08606        40       640    0.4023    0.6621     0.577    0.4048    0.0141  0.005392    0.0208
   139/299     21.2G   0.02655   0.01359   0.04755    0.0877        36       640    0.4043    0.6655    0.5785    0.4051    0.0141  0.005391   0.02076
   140/299     21.2G   0.02663    0.0139   0.05124   0.09177        38       640    0.4029    0.6649    0.5787    0.4056   0.01409  0.005391   0.02075
   141/299     21.2G     0.027   0.01371   0.04826   0.08897        33       640    0.4037    0.6674    0.5794    0.4054   0.01409  0.005392    0.0207
   142/299     21.2G   0.02683   0.01363   0.04678   0.08724        33       640    0.4024     0.668    0.5799    0.4058   0.01407  0.005393   0.02065
   143/299     21.2G   0.02564   0.01356    0.0465    0.0857        36       640    0.4025    0.6692    0.5809     0.407   0.01406  0.005392    0.0206
   144/299     21.2G   0.02575   0.01364   0.04638   0.08577        38       640    0.4031    0.6698    0.5822     0.408   0.01404   0.00539   0.02055
   145/299     21.2G   0.02622   0.01354   0.04606   0.08582        41       640    0.4031    0.6719    0.5833    0.4091   0.01403  0.005389   0.02051
   146/299     21.2G   0.02672   0.01356   0.04682    0.0871        34       640    0.4018    0.6731    0.5844      0.41   0.01402  0.005387   0.02047
   147/299     21.2G   0.02701   0.01368   0.04676   0.08746        41       640    0.4009    0.6742    0.5873    0.4119   0.01401  0.005384    0.0204
   148/299     21.2G   0.02629   0.01333   0.04584   0.08546        36       640       0.4    0.6756    0.5896    0.4143   0.01401  0.005382   0.02035
   149/299     21.2G   0.02596   0.01352   0.04474   0.08423        32       640    0.4003    0.6767    0.5908    0.4149   0.01401  0.005379    0.0203
   150/299     21.2G    0.0261   0.01346   0.04495   0.08452        33       640    0.4004    0.6808     0.593    0.4166   0.01401  0.005376   0.02025
   151/299     21.2G   0.02629    0.0134    0.0467   0.08639        30       640    0.4001    0.6817    0.5941    0.4175     0.014  0.005374   0.02017
   152/299     21.2G   0.02581   0.01369   0.04852   0.08802        38       640    0.4009    0.6835    0.5959    0.4194   0.01401  0.005371    0.0201
   153/299     21.2G   0.02646   0.01369   0.04687   0.08702        28       640    0.4022    0.6848    0.5961    0.4198   0.01402  0.005369   0.02008
   154/299     21.2G   0.02667   0.01345   0.04654   0.08666        27       640    0.4023    0.6855    0.5978    0.4204   0.01403  0.005369   0.02006
   155/299     21.2G   0.02654   0.01344    0.0458   0.08578        37       640    0.4045    0.6875    0.5999    0.4218   0.01403  0.005368   0.02003
   156/299     21.2G   0.02666   0.01331   0.04518   0.08515        36       640     0.405    0.6897    0.6005    0.4232   0.01404  0.005366   0.01995
   157/299     21.2G   0.02556   0.01338   0.04423   0.08318        31       640    0.4055    0.6908    0.6017    0.4239   0.01404  0.005365   0.01989
   158/299     21.2G    0.0255   0.01345   0.04553   0.08448        36       640    0.4056    0.6917    0.6016    0.4238   0.01404  0.005365   0.01984
   159/299     21.2G   0.02577   0.01327   0.04561   0.08465        36       640    0.4053    0.6906    0.6026    0.4253   0.01403  0.005364   0.01981
   160/299     21.2G   0.02597   0.01342   0.04648   0.08587        38       640    0.4069    0.6937    0.6047     0.426   0.01403  0.005364   0.01979
   161/299     21.2G    0.0258   0.01345   0.04665   0.08591        39       640    0.4065    0.6928    0.6062    0.4281   0.01402  0.005363   0.01976
   162/299     21.2G   0.02598   0.01349   0.04589   0.08536        34       640    0.4064     0.693    0.6061    0.4285   0.01403  0.005363   0.01973
   163/299     21.2G   0.02681   0.01338   0.04636   0.08655        28       640     0.407    0.6938    0.6068    0.4287   0.01403  0.005363   0.01969
   164/299     21.2G   0.02599   0.01348   0.04479   0.08425        33       640    0.4078    0.6961    0.6092     0.431   0.01404   0.00536   0.01962
   165/299     21.2G   0.02653   0.01342   0.04538   0.08532        32       640    0.4091    0.6988    0.6104     0.432   0.01404  0.005358   0.01955
   166/299     21.2G   0.02602   0.01344   0.04538   0.08484        32       640    0.4103    0.7004    0.6104    0.4321   0.01404  0.005358   0.01948
   167/299     21.2G   0.02617    0.0134   0.04515   0.08472        38       640    0.4097     0.699     0.611    0.4336   0.01405  0.005358   0.01945
   168/299     21.2G   0.02656   0.01353   0.04523   0.08532        39       640    0.4089    0.6985    0.6109    0.4338   0.01405   0.00536   0.01938
   169/299     21.2G   0.02597    0.0135   0.04491   0.08438        42       640    0.4083    0.6998    0.6106    0.4335   0.01404   0.00536   0.01933
   170/299     21.2G   0.02596   0.01323   0.04305   0.08224        38       640    0.4083     0.701    0.6103    0.4338   0.01404   0.00536   0.01926
   171/299     21.2G   0.02591   0.01342   0.04381   0.08314        29       640     0.408    0.7025    0.6113    0.4344   0.01403  0.005359   0.01917
   172/299     21.2G   0.02556   0.01318   0.04256    0.0813        35       640    0.4081    0.7043    0.6136    0.4361   0.01403  0.005358   0.01909
   173/299     21.2G    0.0255   0.01327   0.04179   0.08057        41       640    0.4078    0.7063     0.614     0.436   0.01403  0.005356   0.01902
   174/299     21.2G   0.02572   0.01316   0.04303   0.08191        37       640    0.4074    0.7053    0.6156    0.4367   0.01403  0.005355   0.01894
   175/299     21.2G   0.02631   0.01331   0.04398    0.0836        38       640    0.4079    0.7052    0.6165    0.4373   0.01402  0.005355   0.01888
   176/299     21.2G    0.0259   0.01317   0.04117   0.08024        35       640    0.4085    0.7058    0.6167    0.4373   0.01402  0.005352   0.01884
   177/299     21.2G   0.02531   0.01323   0.04207   0.08062        35       640    0.4098    0.7076    0.6189     0.439   0.01401  0.005352    0.0188
   178/299     21.2G    0.0251    0.0132   0.04215   0.08045        31       640    0.4116    0.7097    0.6203    0.4395     0.014  0.005351   0.01874
   179/299     21.2G   0.02505   0.01315   0.04124   0.07944        36       640    0.4127    0.7115    0.6209    0.4399   0.01399   0.00535   0.01868
   180/299     21.2G   0.02441   0.01321   0.04225   0.07987        39       640    0.4141    0.7138    0.6232    0.4413   0.01397  0.005348   0.01863
   181/299     21.2G   0.02535   0.01329   0.04086    0.0795        36       640    0.4146    0.7149    0.6247    0.4423   0.01395  0.005349   0.01859
   182/299     21.2G   0.02542    0.0133    0.0423   0.08102        31       640    0.4147    0.7167    0.6248    0.4422   0.01394  0.005347   0.01855
   183/299     21.2G   0.02464   0.01327   0.04381   0.08171        35       640    0.4151    0.7178    0.6259    0.4432   0.01392  0.005345   0.01853
   184/299     21.2G   0.02615   0.01329   0.04327   0.08272        31       640    0.4149    0.7178    0.6259    0.4436   0.01391  0.005343   0.01849
   185/299     21.2G   0.02486   0.01341    0.0431   0.08137        38       640    0.4159    0.7173     0.628     0.445   0.01389  0.005341   0.01845
   186/299     21.2G   0.02509   0.01336   0.04374   0.08219        40       640    0.4151    0.7165     0.629    0.4457   0.01389  0.005339   0.01839
   187/299     21.2G   0.02498   0.01328   0.04336   0.08162        34       640    0.4156    0.7171    0.6308     0.447   0.01388  0.005336   0.01835
   188/299     21.2G   0.02543   0.01339   0.04428    0.0831        35       640    0.4157    0.7181    0.6315    0.4475   0.01386  0.005335   0.01833
   189/299     21.2G   0.02484   0.01321   0.04319   0.08123        43       640     0.415    0.7172     0.633     0.449   0.01385  0.005334   0.01829
   190/299     21.2G   0.02483   0.01319   0.04098   0.07899        41       640    0.4154    0.7183    0.6341    0.4501   0.01383  0.005334   0.01824
   191/299     21.2G   0.02531   0.01324   0.04173   0.08027        43       640    0.4144    0.7173    0.6351    0.4505   0.01381  0.005335   0.01824
   192/299     21.2G   0.02528   0.01313   0.04044   0.07885        29       640    0.4149    0.7187    0.6354    0.4508    0.0138  0.005336   0.01821
   193/299     21.2G   0.02542   0.01339   0.04451   0.08332        45       640    0.4148     0.719    0.6347    0.4506    0.0138  0.005337   0.01819
   194/299     21.2G   0.02563   0.01339   0.04367   0.08269        39       640    0.4138    0.7195    0.6358    0.4514   0.01382  0.005338   0.01818
   195/299     21.2G   0.02445   0.01313   0.04169   0.07928        34       640    0.4138    0.7214    0.6355    0.4516   0.01383  0.005337   0.01816
   196/299     21.2G   0.02419   0.01315    0.0406   0.07794        37       640    0.4177    0.7234    0.6363    0.4524   0.01382  0.005335   0.01813
   197/299     21.2G   0.02498   0.01306   0.04073   0.07877        38       640    0.4191    0.7247    0.6368    0.4529   0.01381  0.005333    0.0181
   198/299     21.2G   0.02471   0.01315   0.04136   0.07922        39       640    0.4204    0.7263    0.6374    0.4534   0.01381  0.005332   0.01806
   199/299     21.2G   0.02489   0.01319   0.04106   0.07914        40       640    0.4202    0.7257    0.6388    0.4546    0.0138  0.005332   0.01803
   200/299     21.2G   0.02497    0.0132   0.04012    0.0783        36       640    0.4204    0.7261      0.64     0.456   0.01379  0.005333   0.01802
   201/299     21.2G   0.02474     0.013   0.04035   0.07809        40       640    0.4212    0.7268    0.6407    0.4561    0.0138  0.005333     0.018
   202/299     21.2G   0.02479   0.01317   0.03945   0.07741        31       640    0.4217    0.7272    0.6409    0.4573    0.0138  0.005333   0.01795
   203/299     21.2G   0.02429   0.01303   0.03973   0.07705        37       640    0.4227     0.728    0.6414    0.4574   0.01379  0.005334   0.01792
   204/299     21.2G    0.0246   0.01318   0.04017   0.07795        28       640    0.4228    0.7283    0.6429     0.459   0.01377  0.005333   0.01789
   205/299     21.2G   0.02465   0.01323   0.04024   0.07813        29       640    0.4227    0.7292    0.6438    0.4598   0.01379  0.005332   0.01788
   206/299     21.2G   0.02468   0.01312   0.04084   0.07864        31       640    0.4222    0.7295    0.6446    0.4601   0.01379  0.005333   0.01786
   207/299     21.2G   0.02451   0.01322   0.04142   0.07915        36       640    0.4239    0.7323    0.6451    0.4606   0.01381  0.005333   0.01787
   208/299     21.2G   0.02497   0.01319   0.04135   0.07951        36       640    0.4248    0.7311    0.6451    0.4612   0.01382  0.005333    0.0179
   209/299     21.2G   0.02477   0.01317   0.04113   0.07907        34       640    0.4251    0.7306    0.6451    0.4611   0.01383  0.005333    0.0179
   210/299     21.2G   0.02451   0.01313   0.04034   0.07799        42       640    0.4248    0.7288    0.6466    0.4622   0.01382  0.005332   0.01789
   211/299     21.2G   0.02478   0.01311   0.03947   0.07737        29       640    0.4252     0.731    0.6472    0.4627   0.01382  0.005332   0.01788
   212/299     21.2G   0.02414   0.01303   0.03926   0.07642        34       640    0.4245    0.7303    0.6492    0.4635   0.01382  0.005331   0.01784
   213/299     21.2G   0.02353   0.01297   0.03809   0.07459        36       640    0.4252    0.7316    0.6507    0.4647   0.01382  0.005331    0.0178
   214/299     21.2G   0.02438   0.01307   0.03931   0.07676        34       640     0.425    0.7319    0.6513    0.4654   0.01382  0.005333   0.01779
   215/299     21.2G   0.02429   0.01294   0.03721   0.07444        32       640    0.4262    0.7327    0.6533    0.4664   0.01382  0.005333   0.01776
   216/299     21.2G   0.02395    0.0129   0.03892   0.07577        37       640    0.4277    0.7339    0.6535    0.4665   0.01383  0.005333   0.01776
   217/299     21.2G    0.0245   0.01287   0.03852   0.07589        33       640    0.4288     0.736     0.654    0.4675   0.01382  0.005332   0.01774
   218/299     21.2G   0.02425   0.01289   0.03929   0.07642        43       640    0.4264    0.7352    0.6542     0.468   0.01382  0.005331   0.01774
   219/299     21.2G   0.02398   0.01299   0.03921   0.07618        25       640    0.4264     0.736    0.6556    0.4694   0.01383  0.005329   0.01775
   220/299     21.2G   0.02475   0.01297   0.03803   0.07576        36       640    0.4276    0.7386    0.6571    0.4691   0.01383  0.005328   0.01776
   221/299     21.2G   0.02419   0.01289   0.03772    0.0748        37       640    0.4277     0.739    0.6577    0.4696   0.01384  0.005329   0.01774
   222/299     21.2G   0.02397   0.01284   0.03695   0.07376        44       640    0.4286    0.7424     0.659      0.47   0.01384   0.00533   0.01772
   223/299     21.2G   0.02411   0.01288   0.03784   0.07484        35       640    0.4297    0.7423    0.6601    0.4712   0.01384  0.005331    0.0177
   224/299     21.2G    0.0231   0.01303   0.03929   0.07542        34       640    0.4308    0.7433    0.6609    0.4723   0.01387  0.005333   0.01771
   225/299     21.2G   0.02449   0.01284   0.03689   0.07422        36       640    0.4304    0.7436    0.6614    0.4724   0.01389  0.005333   0.01766
   226/299     21.2G   0.02446   0.01306   0.03933   0.07685        33       640    0.4325    0.7448    0.6616    0.4727   0.01391  0.005332   0.01766
   227/299     21.2G   0.02411   0.01292   0.03818   0.07522        33       640    0.4337    0.7458     0.664    0.4751    0.0139  0.005333   0.01763
   228/299     21.2G   0.02379   0.01276   0.03775    0.0743        37       640    0.4349    0.7474    0.6648    0.4754   0.01389  0.005333   0.01757
   229/299     21.2G    0.0239   0.01277   0.03653    0.0732        32       640    0.4346     0.747    0.6651    0.4764   0.01388  0.005332   0.01754
   230/299     21.2G   0.02384   0.01278   0.03704   0.07366        42       640    0.4353    0.7483    0.6659    0.4773   0.01387  0.005333   0.01749
   231/299     21.2G   0.02435   0.01284   0.03636   0.07356        33       640    0.4354    0.7485     0.667    0.4778   0.01386  0.005331   0.01747
   232/299     21.2G   0.02388    0.0129   0.03703   0.07382        38       640    0.4356    0.7499    0.6685    0.4785   0.01384   0.00533   0.01746
   233/299     21.2G    0.0243   0.01286   0.03924    0.0764        30       640    0.4357    0.7516    0.6695    0.4796   0.01383  0.005331   0.01745
   234/299     21.2G   0.02336   0.01289   0.03848   0.07473        29       640    0.4367    0.7536    0.6703    0.4804   0.01381   0.00533   0.01742
   235/299     21.2G   0.02397   0.01279   0.03754    0.0743        31       640     0.436    0.7538    0.6712    0.4808   0.01381  0.005331   0.01741
   236/299     21.2G   0.02391   0.01282   0.03655   0.07328        41       640    0.4366    0.7544    0.6717    0.4813   0.01381  0.005331   0.01739
   237/299     21.2G   0.02375   0.01251   0.03608   0.07233        31       640    0.4391    0.7562    0.6719    0.4813   0.01381  0.005331   0.01735
   238/299     21.2G   0.02365   0.01266   0.03595   0.07226        29       640    0.4393    0.7557    0.6729    0.4817    0.0138  0.005331    0.0173
   239/299     21.2G   0.02325   0.01285    0.0358   0.07189        28       640    0.4393    0.7565    0.6738    0.4828   0.01379  0.005331   0.01727
   240/299     21.2G   0.02342   0.01282   0.03686    0.0731        37       640     0.439    0.7558    0.6752    0.4839   0.01377  0.005331   0.01724
   241/299     21.2G   0.02329   0.01281   0.03588   0.07198        34       640    0.4397    0.7554    0.6763     0.485   0.01375  0.005331   0.01721
   242/299     21.2G   0.02308   0.01274   0.03538    0.0712        31       640    0.4404     0.756    0.6778     0.486   0.01374  0.005332   0.01718
   243/299     21.2G   0.02366   0.01288    0.0353   0.07185        42       640    0.4402    0.7559    0.6785    0.4861   0.01375  0.005331   0.01716
   244/299     21.2G   0.02341   0.01275   0.03478   0.07094        36       640    0.4407    0.7568    0.6777    0.4858   0.01374   0.00533   0.01714
   245/299     21.2G   0.02348   0.01267   0.03564   0.07179        30       640    0.4417    0.7573    0.6782    0.4863   0.01373  0.005329   0.01711
   246/299     21.2G   0.02356   0.01269   0.03531   0.07157        33       640     0.442    0.7576    0.6795    0.4872   0.01373  0.005329   0.01706
   247/299     21.2G   0.02333   0.01262   0.03606     0.072        36       640    0.4421    0.7569    0.6798    0.4872   0.01372  0.005329   0.01702
   248/299     21.2G   0.02308   0.01269   0.03558   0.07135        34       640    0.4424    0.7568    0.6804    0.4878   0.01372  0.005328   0.01697
   249/299     21.2G    0.0233   0.01287   0.03609   0.07226        34       640    0.4437    0.7581    0.6818    0.4888   0.01373  0.005329   0.01693
   250/299     21.2G   0.02301   0.01265   0.03511   0.07076        29       640    0.4439    0.7593    0.6828    0.4898   0.01374  0.005328   0.01691
   251/299     21.2G   0.02318   0.01268   0.03655   0.07241        34       640     0.444    0.7593    0.6826      0.49   0.01374  0.005329    0.0169
   252/299     21.2G   0.02377   0.01284   0.03782   0.07442        28       640     0.445    0.7598    0.6829    0.4894   0.01372  0.005329   0.01691
   253/299     21.2G   0.02388   0.01269   0.03464    0.0712        30       640    0.4468    0.7621    0.6845      0.49   0.01371  0.005329   0.01691
   254/299     21.2G   0.02282   0.01265   0.03511   0.07057        39       640    0.4473    0.7621    0.6855    0.4912    0.0137  0.005329   0.01693
   255/299     21.2G   0.02252   0.01263    0.0346   0.06976        34       640    0.4487    0.7629    0.6854     0.491   0.01369  0.005328   0.01694
   256/299     21.2G   0.02255   0.01265   0.03413   0.06933        31       640    0.4487    0.7633    0.6865    0.4918   0.01369  0.005328   0.01696
   257/299     21.2G   0.02314   0.01245   0.03398   0.06957        39       640    0.4484    0.7647    0.6862    0.4918   0.01368  0.005328   0.01695
   258/299     21.2G   0.02345   0.01273   0.03573    0.0719        42       640    0.4485    0.7653    0.6872     0.493   0.01368  0.005327   0.01697
   259/299     21.2G   0.02284   0.01253   0.03473    0.0701        36       640    0.4494    0.7657    0.6868    0.4932   0.01368  0.005326   0.01695
   260/299     21.2G   0.02283   0.01247   0.03473   0.07004        42       640    0.4495    0.7663    0.6869    0.4929   0.01368  0.005325   0.01694
   261/299     21.2G   0.02304   0.01264   0.03484   0.07052        32       640    0.4499    0.7669    0.6876    0.4933   0.01367  0.005325   0.01691
   262/299     21.2G   0.02323   0.01256   0.03442   0.07022        27       640    0.4496    0.7682    0.6874    0.4933   0.01367  0.005324   0.01687
   263/299     21.2G   0.02328    0.0126    0.0342   0.07008        33       640    0.4507      0.77    0.6875    0.4937   0.01366  0.005322   0.01685
   264/299     21.2G   0.02202   0.01253   0.03214   0.06669        44       640    0.4515    0.7704    0.6887    0.4942   0.01366  0.005322   0.01682
   265/299     21.2G   0.02334   0.01274   0.03416   0.07024        34       640     0.453    0.7717    0.6899    0.4953   0.01366  0.005322   0.01678
   266/299     21.2G   0.02286   0.01258   0.03177   0.06721        35       640    0.4535    0.7716    0.6903    0.4953   0.01366  0.005321   0.01674
   267/299     21.2G   0.02318   0.01255   0.03375   0.06947        39       640     0.454    0.7719    0.6913    0.4967   0.01366  0.005322    0.0167
   268/299     21.2G   0.02198   0.01241   0.03345   0.06784        37       640    0.4561    0.7738    0.6929     0.497   0.01366   0.00532   0.01666
   269/299     21.2G   0.02289   0.01254    0.0332   0.06863        40       640    0.4559    0.7737    0.6936    0.4974   0.01365   0.00532   0.01663
   270/299     21.2G   0.02329   0.01251   0.03228   0.06809        35       640    0.4568    0.7738     0.695    0.4986   0.01366   0.00532   0.01659
   271/299     21.2G   0.02219   0.01241   0.03274   0.06734        38       640    0.4573    0.7744    0.6955     0.499   0.01367  0.005321   0.01658
   272/299     21.2G   0.02265   0.01233   0.03271   0.06769        39       640    0.4584    0.7754    0.6963    0.4994   0.01366  0.005321   0.01658
   273/299     21.2G   0.02278   0.01247   0.03316   0.06841        39       640    0.4593    0.7765     0.697    0.4999   0.01367  0.005323   0.01657
   274/299     21.2G   0.02241   0.01238   0.03295   0.06774        41       640    0.4596    0.7769    0.6976    0.5003   0.01368  0.005324   0.01657
   275/299     21.2G    0.0224   0.01244   0.03352   0.06836        35       640    0.4598    0.7787    0.6986    0.5009    0.0137  0.005323   0.01657
   276/299     21.2G   0.02267   0.01248   0.03265   0.06781        33       640    0.4603    0.7782    0.6992    0.5016   0.01371  0.005323   0.01657
   277/299     21.2G   0.02275   0.01257   0.03366   0.06898        42       640    0.4606    0.7798    0.6997    0.5013   0.01371  0.005324   0.01656
   278/299     21.2G   0.02243   0.01249   0.03319    0.0681        36       640    0.4605    0.7791       0.7    0.5016   0.01372  0.005325   0.01656
   279/299     21.2G   0.02314    0.0125    0.0331   0.06875        40       640     0.461    0.7803    0.7001    0.5019   0.01372  0.005325   0.01653
   280/299     21.2G   0.02247   0.01253    0.0327    0.0677        32       640    0.4606    0.7796    0.7002    0.5022   0.01373  0.005328    0.0165
   281/299     21.2G   0.02254   0.01235   0.03294   0.06784        27       640    0.4602     0.779    0.7009    0.5022   0.01373   0.00533    0.0165
   282/299     21.2G   0.02221   0.01243   0.03373   0.06837        40       640    0.4597    0.7774    0.7006    0.5022   0.01374   0.00533   0.01654
   283/299     21.2G   0.02247   0.01245   0.03307   0.06799        38       640    0.4603    0.7785    0.7003    0.5019   0.01375   0.00533   0.01656
   284/299     21.2G   0.02245   0.01244   0.03307   0.06795        37       640    0.4595    0.7764    0.7011    0.5022   0.01375  0.005331   0.01657
   285/299     21.2G   0.02228   0.01242   0.03125   0.06595        34       640    0.4603    0.7755    0.7018    0.5026   0.01376  0.005332   0.01659
   286/299     21.2G   0.02209   0.01235    0.0323   0.06674        35       640    0.4606    0.7752    0.7023    0.5028   0.01375  0.005334    0.0166
   287/299     21.2G   0.02203   0.01244   0.03285   0.06732        36       640    0.4604    0.7755    0.7019    0.5029   0.01375  0.005335    0.0166
   288/299     21.2G   0.02248   0.01238   0.03462   0.06948        43       640    0.4602    0.7753    0.7026    0.5033   0.01375  0.005336   0.01664
   289/299     21.2G     0.022    0.0123   0.03196   0.06626        39       640    0.4603    0.7739    0.7021    0.5036   0.01374  0.005336   0.01666
   290/299     21.2G    0.0223   0.01254   0.03358   0.06843        32       640    0.4607    0.7735    0.7034    0.5042   0.01373  0.005337   0.01669
   291/299     21.2G   0.02286   0.01248   0.03457   0.06992        38       640    0.4604    0.7748    0.7038    0.5044   0.01372  0.005337   0.01667
   292/299     21.2G    0.0231   0.01254    0.0325   0.06814        35       640     0.461    0.7751    0.7043    0.5048   0.01372  0.005336   0.01668
   293/299     21.2G   0.02221   0.01239   0.03192   0.06652        37       640    0.4608    0.7756    0.7051     0.506    0.0137  0.005337   0.01668
   294/299     21.2G   0.02272   0.01241   0.03268   0.06781        37       640    0.4609    0.7768    0.7056     0.507   0.01369  0.005338   0.01669
   295/299     21.2G   0.02242   0.01235   0.03247   0.06724        37       640     0.461    0.7773    0.7064    0.5074   0.01367  0.005339   0.01672
   296/299     21.2G   0.02242    0.0123   0.03327   0.06799        37       640    0.4626    0.7791    0.7065    0.5071   0.01367  0.005338   0.01674
   297/299     21.2G   0.02214   0.01234   0.03254   0.06702        43       640    0.4636    0.7808    0.7073    0.5078   0.01367  0.005339   0.01676
   298/299     21.2G   0.02251   0.01253   0.03285    0.0679        30       640    0.4626    0.7796    0.7069    0.5079   0.01365  0.005339   0.01676
   299/299     21.2G   0.02285   0.01243   0.03299   0.06827        27       640    0.4633    0.7798    0.7075    0.5078   0.01364  0.005339   0.01675
